Matrix size:
32
1
2
3
4
5
6
7
8
9
10
11
12
13
14
15
16
17
18
19
20
21
22
23
24
25
26
27
28
29
30
31
32
Average times:
[0.08477, 0.046439999999999995, 0.03688, 0.03123, 0.03063, 0.032440000000000004, 0.028999999999999998, 0.03074, 0.02942, 0.031, 0.030430000000000002, 0.03003, 0.02962, 0.03153, 0.03084, 0.03034, 0.03004, 0.03075, 0.032350000000000004, 0.03284, 0.03189, 0.03355, 0.03449, 0.035160000000000004, 0.03355, 0.0349, 0.036309999999999995, 0.035230000000000004, 0.03311000000000001, 0.03488, 0.034449999999999995, 0.03610000000000001]
Average speedups:
[1.0, 1.825366063738157, 2.2985357917570495, 2.7143772014089014, 2.7675481554031993, 2.6131319358816274, 2.923103448275862, 2.7576447625243983, 2.88137321549966, 2.734516129032258, 2.785737758790667, 2.8228438228438226, 2.8619176232275487, 2.6885505867427844, 2.748702983138781, 2.794001318391562, 2.8219041278295602, 2.756747967479675, 2.6204018547140646, 2.5813032886723506, 2.6582000627155846, 2.5266766020864377, 2.4578138590895913, 2.4109783845278723, 2.5266766020864377, 2.428939828080229, 2.33461856237951, 2.4061879080329263, 2.560253699788583, 2.4303325688073394, 2.46066763425254, 2.348199445983379]
Matrix size:
64
1
2
3
4
5
6
7
8
9
10
11
12
13
14
15
16
17
18
19
20
21
22
23
24
25
26
27
28
29
30
31
32
Average times:
[0.64697, 0.33585000000000004, 0.23621000000000003, 0.20911, 0.17403000000000002, 0.14851, 0.13927, 0.11432, 0.10654, 0.10389, 0.09478, 0.09759999999999999, 0.08519000000000002, 0.08403000000000001, 0.08393, 0.07476000000000001, 0.07796, 0.07516, 0.07585, 0.07647, 0.06972, 0.07019, 0.06999, 0.07136999999999999, 0.07158, 0.07038, 0.07073, 0.06344000000000001, 0.06453, 0.0634, 0.07157000000000001, 0.07774]
Average speedups:
[1.0, 1.9263659371743338, 2.7389610939418314, 3.093921859308498, 3.7175774291788772, 4.356406975961215, 4.645436921088534, 5.659289713086074, 6.072554908954384, 6.227452112811628, 6.826018147288457, 6.628790983606558, 7.594435966662753, 7.699274068784957, 7.708447515786966, 8.653959336543606, 8.298742945100052, 8.607903139968068, 8.5295978905735, 8.460442003400027, 9.279546758462422, 9.217409887448355, 9.243749107015288, 9.065013310914953, 9.038418552668343, 9.19252628587667, 9.147038031952496, 10.198139974779318, 10.025879435921278, 10.204574132492114, 9.03968143076708, 8.322227939284796]
Matrix size:
128
1
2
3
4
5
6
7
8
9
10
11
12
13
14
15
16
17
18
19
20
21
22
23
24
25
26
27
28
29
30
31
32
Average times:
[5.1474899999999995, 2.91964, 1.98403, 1.48223, 1.2157, 1.00999, 0.87662, 0.78826, 0.7277, 0.66144, 0.61789, 0.5717800000000001, 0.53767, 0.51998, 0.48873, 0.43841, 0.4406, 0.43251999999999996, 0.41153000000000006, 0.41340000000000005, 0.37792, 0.35231999999999997, 0.34919999999999995, 0.35228, 0.33719, 0.32045, 0.31408, 0.29473, 0.3795200000000001, 0.41129999999999994, 0.37973, 0.37937000000000004]
Average speedups:
[1.0, 1.763056404214218, 2.5944617772916736, 3.4728011172355164, 4.2341778399276135, 5.096575213615976, 5.871974173530149, 6.530193083500367, 7.073642984746461, 7.782247822931784, 8.330754665069833, 9.002570918884883, 9.573697621217475, 9.899399976922188, 10.532379841630346, 11.741269587828743, 11.68290966863368, 11.901160639970406, 12.508176803635212, 12.451596516690854, 13.620581075359864, 14.610269073569482, 14.740807560137457, 14.611928011808788, 15.265844182804946, 16.063317210173192, 16.389104686704023, 17.46510365419197, 13.563158726812812, 12.515171407731582, 13.555657967503224, 13.568521496164692]
Matrix size:
256
1
2
3
4
5
6
7
8
9
10
11
12
13
14
15
16
17
18
19
20
21
22
23
24
25
26
27
28
29
30
31
32
Average times:
[41.479020000000006, 20.724249999999998, 13.95918, 10.4525, 8.92783, 7.427289999999999, 6.60007, 5.728879999999999, 5.2763599999999995, 4.78609, 4.44572, 4.17093, 3.9169599999999996, 3.70704, 3.4802299999999997, 3.27059, 3.3030700000000004, 3.10059, 2.9203, 2.75538, 2.6953400000000003, 2.55299, 2.47359, 2.35792, 2.30544, 2.14861, 2.15228, 2.0965299999999996, 2.0162199999999997, 2.02646, 2.1906499999999998, 2.08082]
Average speedups:
[1.0, 2.0014726709048585, 2.9714510451186964, 3.968334848122459, 4.64603604683333, 5.584677587653102, 6.284633344797859, 7.240336680118978, 7.86129452880395, 8.666577519436535, 9.330101760794653, 9.94478929159684, 10.589594992034641, 11.189256118088826, 11.918470905658536, 12.682427329625543, 12.55771751733993, 13.377782938085979, 14.20368455295689, 15.053829235894868, 15.389160551173507, 16.247231677366543, 16.768753107831127, 17.591360181855197, 17.991801998750784, 19.30504838011552, 19.27213002025759, 19.784605991805513, 20.572665681324466, 20.46870898019206, 18.934571930705502, 19.933977951000088]
Matrix size:
512
1
2
3
4
5
6
7
8
9
10
11
12
13
14
15
16
17
18
19
20
21
22
23
24
25
26
27
28
29
30
31
32
Average times:
[328.36235, 164.58106999999998, 110.63400000000001, 82.64881, 69.76854, 58.59053, 51.550850000000004, 45.06383999999999, 41.314530000000005, 37.61497, 35.066179999999996, 32.31878, 30.787399999999998, 28.643130000000003, 27.636559999999996, 25.71241, 26.074669999999998, 25.684759999999994, 24.29177, 23.156800000000004, 22.04233, 21.12005, 20.23651, 19.51245, 18.6239, 17.750880000000002, 17.26298, 16.69025, 16.174529999999997, 15.81842, 15.517779999999998, 15.056519999999997]
Average speedups:
[1.0, 1.9951404496276517, 2.9680057667624777, 3.9729833980670746, 4.706452937097437, 5.604358759000815, 6.36967867649127, 7.2866038491171645, 7.947866041317666, 8.7295656489956, 9.364075299904353, 10.160109694734764, 10.665478409998896, 11.463912987163063, 11.881447980501193, 12.770578487197428, 12.593154582589158, 12.784326191874095, 13.517432035623587, 14.179953620534786, 14.896898376895727, 15.547422946441888, 16.226234167848112, 16.828350617170063, 17.631234596405694, 18.498370221645345, 19.021185797585353, 19.67390242806429, 20.301198860183266, 20.75822680141253, 21.160394721409894, 21.808648346364237]
Matrix size:
1024
1
2
3
4
5
6
7
8
9
10
11
Average times:
[2624.3235899999995, 1490.12815, 994.8175800000001, 741.7281399999999, 597.87924, 518.19795, 448.9584, 402.01589, 360.96519, 330.02241000000004, 302.47217, 283.60421, 262.09434, 250.75590000000003, 233.36351, 225.48071999999996, 212.32198, 206.77163000000002, 195.48876, 185.41931, 177.80147000000002, 170.36536999999998, 162.46804, 155.55266, 149.40379000000001, 144.56612, 137.73582, 131.86587, 129.1766, 125.78209, 122.17638000000002, 120.31853000000001]
Average speedups:
[1.0, 1.7611395301806758, 2.6379947869437523, 3.5381205706985845, 4.389387378628499, 5.064326460573608, 5.845360260549752, 6.5279101032548725, 7.27029548195492, 7.951955717189021, 8.676248099122638, 9.25347190720476, 10.012896844701032, 10.465650419391924, 11.245646716575353, 11.638793729237692, 12.360112645897516, 12.69189390246621, 13.424421895151411, 14.153453542675784, 14.759853166568304, 15.404090573101797, 16.15286052567631, 16.870965690975645, 17.56530801527859, 18.153102469651945, 19.053312275630258, 19.901461917325534, 20.315781573442862, 20.864048212269328, 21.479794948909102, 21.811466529719066]
