32
1
2
3
4
5
6
7
8
9
10
11
12
13
14
15
16
17
18
19
20
21
22
23
24
25
26
27
28
29
30
31
32
Average times:
[0.08137, 0.045219999999999996, 0.03738999999999999, 0.031490000000000004, 0.027349999999999996, 0                                                                                                                                                                                                                           .03138, 0.02924, 0.031190000000000002, 0.02892, 0.03109, 0.030359999999999998, 0.02988, 0.03015, 0                                                                                                                                                                                                                           .03114, 0.030379999999999997, 0.029820000000000003, 0.03268, 0.03186, 0.03265, 0.03161000000000000                                                                                                                                                                                                                           6, 0.03331, 0.032959999999999996, 0.03369, 0.03167, 0.03265, 0.034589999999999996, 0.0347000000000                                                                                                                                                                                                                           0001, 0.034109999999999994, 0.030300000000000004, 0.03488, 0.03504, 0.03446]
Average speedups:
[1.0, 1.7994250331711632, 2.176250334313988, 2.583994919021911, 2.975137111517368, 2.5930528999362                                                                                                                                                                                                                           65, 2.7828317373461013, 2.608848990060917, 2.8136237897648684, 2.6172402701833386, 2.6801712779973                                                                                                                                                                                                                           65, 2.7232262382864794, 2.6988391376451077, 2.613037893384714, 2.6784068466096116, 2.7287055667337                                                                                                                                                                                                                           35, 2.4899020807833536, 2.55398618957941, 2.4921898928024504, 2.5741853843720337, 2.44280996697688                                                                                                                                                                                                                           4, 2.46875, 2.415256752745622, 2.5693084938427537, 2.4921898928024504, 2.352413992483377, 2.344956                                                                                                                                                                                                                           7723342932, 2.3855174435649373, 2.685478547854785, 2.332855504587156, 2.322203196347032, 2.3612884                                                                                                                                                                                                                           50377249]
Matrix size:
64
1
2
3
4
5
6
7
8
9
10
11
12
13
14
15
16
17
18
19
20
21
22
23
24
25
26
27
28
29
30
31
32
Average times:
[0.62537, 0.32941, 0.23968000000000003, 0.18821, 0.15558, 0.13267, 0.12040999999999999, 0.10690999999999999, 0.10459999999999998, 0.09734000000000001, 0.09161, 0.09138, 0.0837, 0.08245, 0.0                                                                                                                                8092, 0.07541, 0.07468, 0.07590999999999999, 0.07552, 0.07733, 0.06863, 0.07010000000000001, 0.06942999999999999, 0.07089999999999999, 0.07057000000000001, 0.06948000000000001, 0.06927, 0.0                                                                                                                                6375, 0.06349, 0.07317, 0.0773, 0.0749]
Average speedups:
[1.0, 1.8984548131507848, 2.6091872496662214, 3.3227246161202912, 4.019604062218794, 4.713725785784276, 5.193671621958309, 5.8494995790852125, 5.978680688336521, 6.424594205876309, 6.826438                                                                                                                                1617727325, 6.84362004815058, 7.471565113500597, 7.58483929654336, 7.728250123578842, 8.292931971887016, 8.373995715050883, 8.23830852325122, 8.280852754237287, 8.087029613345402, 9.1121958                                                                                                                                32726213, 8.921112696148358, 9.007201497911566, 8.820451339915374, 8.86169760521468, 9.000719631548645, 9.028006351956114, 9.809725490196078, 9.849897621672703, 8.546808801421347, 8.0901681                                                                                                                                75937904, 8.34939919893191]
Matrix size:
128
1
2
3
4
5
6
7
8
9
10
11
12
13
14
15
16
17
18
19
20
21
22
23
24
25
26
27
28
29
30
31
32
Average times:
[4.95007, 2.70203, 1.83088, 1.37999, 1.12912, 0.97492, 0.85982, 0.74489, 0.7059400000000001, 0.62262, 0.58787, 0.5511199999999998, 0.5113099999999999, 0.5053000000000001, 0.47101, 0.43384,                                                                                                                                 0.42212000000000005, 0.40461, 0.37855, 0.37406, 0.35762, 0.33954000000000006, 0.3293500000000001, 0.33677999999999997, 0.32192000000000004, 0.29511, 0.29668, 0.28342999999999996, 0.36167000                                                                                                                                000000005, 0.40717, 0.37521000000000004, 0.37145]
Average speedups:
[1.0, 1.831981880290004, 2.7036561653412567, 3.5870332393712996, 4.384007014312031, 5.077411479916301, 5.7571003233234865, 6.6453704573829695, 7.012026517834376, 7.950387073977708, 8.420348                                                                                                                                036130438, 8.981836986500221, 9.68115233420039, 9.796299228181278, 10.509479628882614, 11.40989765812281, 11.726689093148867, 12.234176120214528, 13.076396777176067, 13.23335828476715, 13.8                                                                                                                                41703484145183, 14.578753607822346, 15.02981630484287, 14.698230298711326, 15.376708499005963, 16.773643726068247, 16.68487933126601, 17.464876689129593, 13.686703348356236, 12.157256182921                                                                                                                                14, 13.192798699395004, 13.326342710997443]
Matrix size:
256
1
2
3
4
5
6
7
8
9
10
11
12
13
14
15
16
17
18
19
20
21
22
23
24
25
26
27
28
29
30
31
32
Average times:
[39.856770000000004, 19.950930000000003, 13.454310000000001, 10.52705, 8.622259999999999, 7.29071, 6.38222, 5.72939, 5.18778, 4.78199, 4.478829999999999, 4.154780000000001, 3.82023999999999                                                                                                                                96, 3.64243, 3.5108400000000004, 3.2614600000000005, 3.14773, 3.0048600000000003, 2.8778799999999998, 2.77047, 2.6630700000000003, 2.54521, 2.4074800000000005, 2.32292, 2.31554, 2.13577, 2.                                                                                                                                0558899999999998, 2.06713, 2.03831, 2.1322099999999997, 2.08559, 1.94969]
Average speedups:
[1.0, 1.9977399549795423, 2.9623793416384787, 3.786129067497543, 4.622543277516568, 5.466788556944386, 6.2449696187220125, 6.956546857518863, 7.682818084035946, 8.334766488428459, 8.8989244                                                                                                                                95906298, 9.59299168668377, 10.433053944254814, 10.942357162663388, 11.35248829339987, 12.220530069355442, 12.6620675852122, 13.264102154509695, 13.849350911087331, 14.386284637624664, 14.9                                                                                                                                66474782863386, 15.659521218288473, 16.55538986824397, 17.15804676872213, 17.212732235245344, 18.661545952981832, 19.386625743595236, 19.28121114782331, 19.55383136029358, 18.69270381435225                                                                                                                                , 19.11054905326551, 20.442619083033716]
Matrix size:
512
1
2
3
4
5
6
7
8
9
10
11
12
13
14
15
16
17
18
19
20
21
22
23
24
25
26
27
28
29
30
31
32
Average times:
[315.8146, 172.36318, 115.76085, 84.87357, 69.47438000000001, 59.9929, 52.280330000000006, 46.777370000000005, 41.89291, 38.70652, 35.52153, 33.562850000000005, 30.4883                                                                                                                                                     50000000004, 29.37387, 27.29146, 26.0971, 24.89853, 24.31467, 23.321980000000003, 21.803050000000002, 20.718130000000002, 19.923740000000002, 19.133989999999997, 18.498                                                                                                                                                     95, 17.832169999999998, 17.081899999999997, 16.25694, 15.951790000000003, 15.2637, 14.875320000000002, 14.68565, 14.21539]
Average speedups:
[1.0, 1.8322625516656166, 2.728164141849338, 3.7210005423360886, 4.5457706855390425, 5.264199596952306, 6.0407920148935546, 6.751439852219138, 7.538616916323072, 8.1592                                                                                                                                                     0935284288, 8.890793836864573, 9.40964786959391, 10.358533669417989, 10.751548910647456, 11.571920300343036, 12.101520858639464, 12.684066087435683, 12.988644304035383,                                                                                                                                                      13.541500335734785, 14.484881702330634, 15.24339310545884, 15.851170513166702, 16.50542307171688, 17.072028412423407, 17.710385219521797, 18.488259502748527, 19.426448                                                                                                                                                     027734615, 19.79806654927127, 20.690566507465423, 21.23077688412753, 21.504979350590542, 22.216386606347065]
Matrix size:
1024
1
2
3
4
5
6
7
8
9
10
11
12
13
14
15
16
17
18
19
20
21
22
23
24
25
26
27
28
29
30
31
32
Average times:
[2529.0723, 1393.3281200000001, 928.8885, 695.31616, 558.53186, 488.43556, 420.92159000000004, 388.92188999999996, 337.98503, 307.98314, 285.63027999999997, 266.21563000000003, 247.50432, 235.96305, 221.02242, 213.11954, 200.77012, 195.9                                                                                593, 185.78126, 176.85916000000003, 167.46357000000003, 161.47962, 152.95438, 147.41511999999997, 141.51175, 135.63025999999996, 131.14721000000003, 125.98668, 122.68906999999999, 119.58604, 116.19321, 114.79556]
Average speedups:
[1.0, 1.8151304518278146, 2.722686630311388, 3.637298319084084, 4.528071684218694, 5.177903713644436, 6.0084166744689895, 6.502776945776953, 7.482793838531842, 8.211723213160305, 8.854356407871043, 9.500089457557392, 10.218295583689205,                                                                                 10.718086157981089, 11.442605234346813, 11.866918913207114, 12.596856046108853, 12.906110095310606, 13.61317228659123, 14.299922605083047, 15.102223725434728, 15.661866803996688, 16.534814498283737, 17.15612550462938, 17.871818417905224,                                                                                 18.64681450879767, 19.284224956062726, 20.07412450268552, 20.61367243227127, 21.148557975496136, 21.766093733015897, 22.03109858952733]
