
2
16
0.005074940621852875

2
32
0.040441304445266724

2
64
0.3088418245315552

2
128
2.546746466308832

2
256
17.978408932685852

3
16
0.0024897418916225433
0.00260259211063385

3
32
0.01882513239979744
0.020941931754350662

3
64
0.15283022820949554
0.15577805414795876

3
128
1.1162439472973347
1.1865536980330944

3
256
8.937158405780792
9.26538261026144

5
16
0.0013104267418384552
0.0013488531112670898
0.0012966245412826538
0.0014017075300216675

5
32
0.009290937334299088
0.009194958955049515
0.009424898773431778
0.010063964873552322

5
64
0.07288394495844841
0.07414066791534424
0.0742146372795105
0.07813934609293938

5
128
0.5804656594991684
0.6014039665460587
0.611600935459137
0.6426248773932457

5
256
4.456410609185696
4.5406915210187435
4.578201550990343
4.8813761100173

9
16
0.0007320903241634369
0.0006827004253864288
0.0006096623837947845
0.000627223402261734
0.0006411895155906677
0.0006015338003635406
0.0006164945662021637
0.0006855204701423645

9
32
0.00457315519452095
0.004652533680200577
0.004729621112346649
0.004940513521432877
0.005021434277296066
0.005019571632146835
0.005145654082298279
0.005144316703081131

9
64
0.036974381655454636
0.03730811923742294
0.03746205195784569
0.03775349259376526
0.03846542537212372
0.03965077921748161
0.03983417525887489
0.040341317653656006

9
128
0.2764674499630928
0.28842616081237793
0.28880593553185463
0.29363564774394035
0.2947911061346531
0.29877254739403725
0.3053683042526245
0.30705542489886284

9
256
2.2179112806916237
2.221241280436516
2.300170972943306
2.3058289997279644
2.3372534662485123
2.3449072390794754
2.401289939880371
2.5279587656259537

