8
1
0.0012592785060405731
True

8
2
0.0010572969913482666
True

8
4
0.001027233898639679
True

8
8
0.0011507794260978699
True

16
1
0.006490148603916168
True

16
2
0.00432722270488739
True

16
4
0.0032148435711860657
True

16
8
0.001892920583486557
True

32
1
0.046975042670965195
True

32
2
0.025969963520765305
True

32
4
0.014369286596775055
True

32
8
0.00861438736319542
True

64
1
0.37026696279644966
False

64
2
0.19600099325180054
False

64
4
0.09840427711606026
False

64
8
0.05683968588709831
False

128
1
3.0841540694236755
False

128
2
1.6355237402021885
False

128
4
0.8259155601263046
False

128
8
0.4253988452255726
False

256
1
24.12368182092905
False

256
2
13.087825119495392
False

256
4
6.53119146078825
False

256
8
3.3435631580650806
False

512
1
195.5822240151465
False

512
2
102.62956409156322
False

512
4
50.43890189379454
False

512
8
27.19177406281233
False

1024
1
1572.7351718097925
False

1024
2
870.6322188191116
False

1024
4
428.3665251657367
False

1024
8
218.08532569557428
False
