8
1
0.0011986568570137024
0.001264665275812149
0.0011983737349510193
0.0012729763984680176
0.0012339353561401367
0.0012183673679828644
0.0012726038694381714
0.00121205672621727
0.0012128353118896484
0.0012818500399589539

8
2
0.0010570958256721497
0.0010772831737995148
0.0010754875838756561
0.0010872744023799896
0.0011157430708408356
0.0010655894875526428
0.0010565407574176788
0.0010795705020427704
0.0011036582291126251
0.0010840408504009247

8
4
0.0021156035363674164
0.0009898021817207336
0.0009867660701274872
0.0009664557874202728
0.0036456771194934845
0.0009931810200214386
0.0015066824853420258
0.0035802312195301056
0.0009820759296417236
0.0037695132195949554

8
8
0.0011386498808860779
0.0025061331689357758
0.001593172550201416
0.002923492342233658
0.001138336956501007
0.0011415742337703705
0.0013858862221240997
0.0015587881207466125
0.0037684068083763123
0.0011812150478363037

16
1
0.006376773118972778
0.0070191435515880585
0.006691623479127884
0.006633397191762924
0.007013227790594101
0.006509602069854736
0.007055208086967468
0.006526224315166473
0.006952423602342606
0.006586633622646332

16
2
0.003865085542201996
0.0038841478526592255
0.003841787576675415
0.003985736519098282
0.0036430731415748596
0.003920212388038635
0.003883868455886841
0.003808792680501938
0.003889691084623337
0.0038959942758083344

16
4
0.0023991279304027557
0.005950331687927246
0.00521530956029892
0.002505674958229065
0.00233667716383934
0.002469271421432495
0.0041996873915195465
0.003254976123571396
0.0033318176865577698
0.0036807991564273834

16
8
0.0019343793392181396
0.0019232593476772308
0.001923155039548874
0.003318294882774353
0.002453260123729706
0.0018989257514476776
0.0019063800573349
0.0018993765115737915
0.0019313208758831024
0.001925729215145111

32
1
0.05070309340953827
0.04738498106598854
0.05154452472925186
0.051541686058044434
0.047339532524347305
0.04777713119983673
0.05098380893468857
0.04704105108976364
0.052767567336559296
0.05033433809876442

32
2
0.02658386528491974
0.025547262281179428
0.02605273202061653
0.027423247694969177
0.026925131678581238
0.0269661583006382
0.024336669594049454
0.026248760521411896
0.025987539440393448
0.02558976784348488

32
4
0.014195848256349564
0.014205016195774078
0.013933323323726654
0.014290198683738708
0.014448992908000946
0.014021515846252441
0.0153924860060215
0.014291021972894669
0.013774141669273376
0.014103330671787262

32
8
0.007765438407659531
0.007850967347621918
0.008123036473989487
0.008553162217140198
0.008152417838573456
0.007883209735155106
0.0076993294060230255
0.007661059498786926
0.00831281766295433
0.008221819996833801

64
1
0.38459663838148117
0.3750625364482403
0.3709180951118469
0.3686501011252403
0.378595307469368
0.3768986202776432
0.37356894090771675
0.3748745955526829
0.41085316985845566
0.3948204256594181

64
2
0.20206141099333763
0.20540932565927505
0.20775088295340538
0.21181133016943932
0.19289270415902138
0.20593688637018204
0.19264140725135803
0.20107372850179672
0.20595765486359596
0.19696281105279922

64
4
0.10747631266713142
0.0999733991920948
0.10285571962594986
0.10117458179593086
0.10109579190611839
0.10313577204942703
0.10351283475756645
0.10031973198056221
0.10462785139679909
0.10301719605922699

64
8
0.05408472195267677
0.05409760773181915
0.055613525211811066
0.05487475171685219
0.05078897252678871
0.05443242937326431
0.05453603342175484
0.05239899083971977
0.05549709126353264
0.0534706749022007

128
1
2.960167545825243
3.1916442438960075
2.9798922538757324
3.0633533596992493
3.051545087248087
2.9570471569895744
3.0128743797540665
3.250160861760378
3.000403795391321
2.950301840901375

128
2
1.56601931899786
1.6444970555603504
1.5646063052117825
1.6267591044306755
1.5780193023383617
1.5460018515586853
1.5741881132125854
1.490655854344368
1.5834273993968964
1.5886805951595306

128
4
0.8252589553594589
0.8305126875638962
0.7952051721513271
0.8087389692664146
0.8069866709411144
0.7759910076856613
0.808734342455864
0.8228598386049271
0.8355127833783627
0.80026875436306

128
8
0.4242549166083336
0.41097256541252136
0.40920933708548546
0.41111982241272926
0.41370319575071335
0.427423432469368
0.4128923900425434
0.4206007681787014
0.42255447059869766
0.41320131346583366

256
1
24.81560481712222
25.161870930343866
23.933816324919462
24.522608570754528
23.656378753483295
23.765337739139795
24.55746977776289
25.64195777103305
25.24694273248315
25.071445792913437

256
2
12.769053727388382
13.027078848332167
12.105399008840322
13.113412607461214
12.085194036364555
13.128894120454788
12.475040301680565
11.868641782552004
12.352983549237251
13.152353569865227

256
4
6.332889944314957
6.4946411326527596
6.776428874582052
6.410409286618233
6.700646050274372
6.241971455514431
6.557067163288593
6.528045769780874
6.306190446019173
6.586741041392088

256
8
3.4280428178608418
3.2358959689736366
3.3691939413547516
3.3012011870741844
3.2931124716997147
3.346435360610485
3.456813719123602
3.2440473921597004
3.2412861809134483
3.3625325337052345

512
1
204.06697196513414
209.23628124594688
208.84175369516015
204.26146528497338
195.73492891341448
198.69022630155087
189.52510532736778
197.61670727282763
195.99535681679845
192.12084372714162

512
2
104.23007195815444
103.96858235821128
111.12983626872301
100.69650424644351
108.06203440576792
100.29211362823844
107.71244730427861
104.05007918179035
98.97824106365442
98.05449288710952

512
4
52.6271973028779
55.126843091100454
52.39174171537161
52.3995271474123
52.62766705825925
51.89891144633293
52.52342240512371
52.27193906530738
52.870085664093494
53.12993221729994

512
8
28.150706328451633
27.826704245060682
27.07648378610611
26.794806733727455
26.184822104871273
25.871054880321026
26.513114232569933
27.083241183310747
26.537349570542574
26.6465505361557

1024
1
1579.3692365847528
1606.1439345739782
1604.2218531556427
1710.907845247537
1642.4214643537998
1704.7330867312849
1622.8347727246583
1616.9509084932506
1559.3892905972898
1599.2024460807443

1024
2
822.5877468548715
860.4077926725149
803.6106720753014
796.7145978286862
859.8834750130773
858.1344417482615
844.1412480771542
850.8608088679612
866.1252390705049
821.6844250150025

1024
4
411.7419236972928
422.86502766236663
401.79055343940854
427.5968689210713
415.7220558896661
415.6671666242182
424.46622029319406
413.7729000374675
408.8102634623647
413.573906134814

1024
8
215.55171897634864
224.43494687601924
209.74029764533043
212.29422634094954
203.12691885232925
210.9445780478418
219.30434450507164
212.44202321767807
208.6414171345532
214.0683528892696
