8
1
0.0004958063364028931
0.0004946067929267883
0.0004890076816082001
0.00048588216304779053
0.00048575177788734436
0.0005002766847610474
0.0004927180707454681
0.0004989728331565857
0.0004969947040081024
0.0004917606711387634

8
2
0.0007358863949775696
0.0007467493414878845
0.0007216185331344604
0.0007268935441970825
0.0007319338619709015
0.0007637105882167816
0.0007670968770980835
0.0007418803870677948
0.00070948526263237
0.0007302910089492798

8
4
0.0008605718612670898
0.0008457303047180176
0.0008395612239837646
0.0019112639129161835
0.0008412562310695648
0.0020704083144664764
0.001961786299943924
0.0008313581347465515
0.003859948366880417
0.0020061172544956207

8
8
0.0014056675136089325
0.0011377781629562378
0.002375137060880661
0.001208968460559845
0.0020522139966487885
0.003882192075252533
0.0011166930198669434
0.0011289417743682861
0.001129787415266037
0.0011377334594726562

16
1
0.0004951357841491699
0.0004758015275001526
0.0004801936447620392
0.00048313289880752563
0.0004887990653514862
0.0004985518753528595
0.0004958659410476685
0.0004990696907043457
0.0004943273961544037
0.0004947371780872345

16
2
0.0007397569715976715
0.0007673949003219604
0.0007517561316490173
0.0007448680698871613
0.0007417686283588409
0.0007729493081569672
0.0007514357566833496
0.0007585771381855011
0.0007443055510520935
0.0007313787937164307

16
4
0.0037721358239650726
0.0014060288667678833
0.0026992224156856537
0.0021111220121383667
0.0014268159866333008
0.0009017810225486755
0.0019033774733543396
0.0008909888565540314
0.0008808188140392303
0.001181185245513916

16
8
0.0015109926462173462
0.001684870570898056
0.0017900243401527405
0.0017648860812187195
0.0011867322027683258
0.0011745914816856384
0.0011679492890834808
0.002472657710313797
0.0026965737342834473
0.001187935471534729

32
1
0.000566285103559494
0.0005910433828830719
0.000593479722738266
0.0005679763853549957
0.0005713962018489838
0.0005703233182430267
0.0005800724029541016
0.0005677677690982819
0.000573817640542984
0.0005771629512310028

32
2
0.0008422434329986572
0.0008795559406280518
0.000864960253238678
0.0008539892733097076
0.0008690357208251953
0.0008767992258071899
0.0008642859756946564
0.0008619688451290131
0.0009140707552433014
0.000869356095790863

32
4
0.0011180378496646881
0.001127384603023529
0.0011430494487285614
0.0010963864624500275
0.001306626945734024
0.0028282925486564636
0.0025835372507572174
0.0010922737419605255
0.001510482281446457
0.001618269830942154

32
8
0.0029643699526786804
0.0015393532812595367
0.00334717333316803
0.0017015673220157623
0.001651626080274582
0.0015523992478847504
0.0015393607318401337
0.0017616227269172668
0.0015749596059322357
0.0015254877507686615

64
1
0.0008296817541122437
0.0008352659642696381
0.0008566863834857941
0.0008228160440921783
0.0008324049413204193
0.0008230097591876984
0.0008348710834980011
0.0008254311978816986
0.0008466802537441254
0.0008205585181713104

64
2
0.0012342669069766998
0.0012034773826599121
0.0012266337871551514
0.0012247785925865173
0.0012571848928928375
0.0012338832020759583
0.0012151263654232025
0.0012313388288021088
0.001229073852300644
0.001265503466129303

64
4
0.0016900040209293365
0.0015924125909805298
0.0024409219622612
0.0016005858778953552
0.0016149841248989105
0.001559872180223465
0.0015728510916233063
0.002194065600633621
0.0015678927302360535
0.0015777908265590668

64
8
0.0020619258284568787
0.0020919740200042725
0.0057769641280174255
0.0021135620772838593
0.002071484923362732
0.002066373825073242
0.0025343671441078186
0.006732054054737091
0.0020381957292556763
0.0021734721958637238

128
1
0.0022934377193450928
0.002258606255054474
0.0022667869925498962
0.002255011349916458
0.0022709518671035767
0.002264995127916336
0.002261985093355179
0.002287987619638443
0.0022699981927871704
0.002269912511110306

128
2
0.0028310753405094147
0.002860322594642639
0.0028657279908657074
0.002854015678167343
0.0028923414647579193
0.0028618760406970978
0.002855442464351654
0.002845257520675659
0.0028537847101688385
0.00281495600938797

128
4
0.0036618150770664215
0.0036219321191310883
0.0036094971001148224
0.0036048628389835358
0.0036039166152477264
0.0036619901657104492
0.0037108398973941803
0.00377485528588295
0.0038313083350658417
0.003619574010372162

128
8
0.0048247650265693665
0.004988469183444977
0.004986405372619629
0.0048729777336120605
0.004888128489255905
0.004895463585853577
0.004891086369752884
0.005510937422513962
0.00500134751200676
0.004843369126319885

256
1
0.008778635412454605
0.0087956003844738
0.008794810622930527
0.008816033601760864
0.008788611739873886
0.008717097342014313
0.008774623274803162
0.00879521295428276
0.008896026760339737
0.008719924837350845

256
2
0.011435218155384064
0.011471014469861984
0.011380184441804886
0.011421039700508118
0.011492401361465454
0.011437565088272095
0.011389996856451035
0.011369124054908752
0.011348932981491089
0.01145356148481369

256
4
0.012647990137338638
0.012771651148796082
0.012737791985273361
0.012741819024085999
0.012810967862606049
0.012744829058647156
0.012696269899606705
0.012728024274110794
0.012830555438995361
0.012780509889125824

256
8
0.0169106163084507
0.01699812337756157
0.016167648136615753
0.016032028943300247
0.01745280995965004
0.016997043043375015
0.016951512545347214
0.01726718619465828
0.015958677977323532
0.01696266606450081

512
1
0.05018801614642143
0.05001547560095787
0.04925818741321564
0.04933052882552147
0.049803227186203
0.049239128828048706
0.04912100359797478
0.049658507108688354
0.04930446669459343
0.04899897053837776

512
2
0.050957463681697845
0.051382336765527725
0.048236966133117676
0.05123355612158775
0.05121750757098198
0.05060897395014763
0.050798315554857254
0.0501723550260067
0.05026549845933914
0.05144243687391281

512
4
0.049136511981487274
0.049971628934144974
0.050772953778505325
0.0491928793489933
0.049425601959228516
0.049530018121004105
0.0491374135017395
0.049278657883405685
0.04914636164903641
0.04979576915502548

512
8
0.06254607066512108
0.06208660453557968
0.06246821582317352
0.06252776086330414
0.06220339238643646
0.06282724812626839
0.06237239018082619
0.062277309596538544
0.06255810707807541
0.062415674328804016

1024
1
0.2994055598974228
0.29922204092144966
0.3058227710425854
0.2985759750008583
0.2964543402194977
0.3006857857108116
0.2975669130682945
0.3006165325641632
0.30108610540628433
0.30222316086292267

1024
2
0.2371952198445797
0.23437505587935448
0.23838617280125618
0.23590585589408875
0.23730256780982018
0.2348833680152893
0.23405909165740013
0.2317742183804512
0.23159120231866837
0.23332463577389717

1024
4
0.20791496336460114
0.20274072512984276
0.20317623391747475
0.20219744741916656
0.20256521552801132
0.20315951481461525
0.20400144159793854
0.20318186283111572
0.20466411486268044
0.20340454205870628

1024
8
0.23939218372106552
0.23951641842722893
0.23765893653035164
0.23964527994394302
0.24328329786658287
0.23577968776226044
0.23536336049437523
0.23902463540434837
0.23686792701482773
0.23319946229457855

2048
1
2.017043102532625
2.0306363254785538
2.0176751650869846
2.016914390027523
2.014210820198059
2.0262633375823498
2.0164716206490993
2.0199422128498554
2.018668983131647
2.0257553942501545

2048
2
1.3926730677485466
1.3932004421949387
1.4016262032091618
1.4015473164618015
1.3998719118535519
1.3951242938637733
1.4013794735074043
1.3965867646038532
1.3948689810931683
1.4071761220693588

2048
4
1.0059749856591225
1.003569569438696
1.004821140319109
1.0346366427838802
1.0062773190438747
1.0308827050030231
1.0168253369629383
1.0006070174276829
1.0091641023755074
1.0179313980042934

2048
8
1.152799278497696
1.1618918552994728
1.1634906008839607
1.1794788390398026
1.1868140436708927
1.1795180700719357
1.1566344611346722
1.1567721627652645
1.166974876075983
1.1499429121613503

4096
1
16.59302841499448
17.743345204740763
17.706828583031893
17.65719560161233
17.450394526124
17.379043363034725
17.73310624808073
17.5642901211977
17.439847346395254
17.338778600096703

4096
2
11.911897014826536
11.923703908920288
11.884833611547947
11.869210667908192
11.878083981573582
11.887407567352057
11.921618673950434
11.94391842186451
11.937062531709671
12.000720925629139

4096
4
7.3135308511555195
7.410276845097542
7.318260010331869
7.3419404700398445
7.273404806852341
7.400564681738615
7.199498914182186
7.255510944873095
7.225916720926762
7.180876515805721

4096
8
7.2015970423817635
7.247282288968563
7.270989075303078
7.130223661661148
7.15987878292799
7.2263613268733025
7.217387821525335
7.154442869126797
7.236090134829283
7.114855017513037

8192
1
117.62465213611722
117.54500755667686
117.58882639929652
117.57527302205563
117.41266151890159
117.25616301596165
117.54534131661057
117.48476350679994
117.50259008258581
117.36615551263094

8192
2
72.47633277997375
72.9762384109199
72.40951394662261
72.4465416520834
72.57826391980052
72.53182405233383
72.70232382416725
72.97038090229034
72.94791624695063
72.84392130374908

8192
4
72.47633277997375
72.9762384109199
72.40951394662261
72.4465416520834
72.57826391980052
72.53182405233383
72.70232382416725
72.97038090229034
72.94791624695063
72.84392130374908

8192
8
72.47633277997375
72.9762384109199
72.40951394662261
72.4465416520834
72.57826391980052
72.53182405233383
72.70232382416725
72.97038090229034
72.94791624695063
72.84392130374908
