8
1
0.0012296326458454132
True

8
2
0.0010732486844062805
True

8
4
0.0010857954621315002
True

8
8
0.001137949526309967
True

16
1
0.0065440833568573
True

16
2
0.003952305763959885
True

16
4
0.002522088587284088
True

16
8
0.003697328269481659
True

32
1
0.052796460688114166
True

32
2
0.026034068316221237
True

32
4
0.013908471912145615
True

32
8
0.007678493857383728
True

64
1
0.3690251484513283
False

64
2
0.19200706854462624
False

64
4
0.1021011732518673
False

64
8
0.05597364157438278
False

128
1
3.2726183272898197
False

128
2
1.626238401979208
False

128
4
0.7853622511029243
False

128
8
0.41195548698306084
False

256
1
25.898046478629112
False

256
2
13.129499129951
False

256
4
6.556914810091257
False

256
8
3.3462065532803535
False

