8
1
0.006494220346212387
2
0.005763854831457138
4
0.0065580569207668304
8
0.011367280036211014

1
0.006518017500638962
2
0.006084199994802475
4
0.006691250950098038
8
0.013495106250047684

1
0.006633691489696503
2
0.006025463342666626
4
0.010512106120586395
8
0.014540895819664001

1
0.006362561136484146
2
0.005876094102859497
4
8
0.01316257193684578

1
2
4
8

1
2
4
0.008131064474582672
8
0.009999707341194153

1
2
4
0.009339146316051483
8

1
2
4
8

1
2
4
8

1
2
4
8

16
1
2
4
8

8
1
0.006292436271905899
2
0.005238872021436691
4
0.005859546363353729
8
0.00612659752368927

1
0.006361331790685654
2
0.005279760807752609
4
0.009689461439847946
8
0.010870371013879776

1
0.006090790033340454
2
0.0052278414368629456
4
0.008033204823732376
8
0.0066597312688827515

1
0.006273441016674042
2
0.005274023860692978
4
0.011176194995641708
8
0.0136561319231987

1
0.006051447242498398
2
0.005320213735103607
4
0.01082545518875122
8
0.008515823632478714

1
0.005800988525152206
2
0.005314953625202179
4
0.0060240402817726135
8
0.012101583182811737

1
0.006077725440263748
2
0.005369432270526886
4
0.009127303957939148
8
0.009490732103586197

1
0.006173830479383469
2
0.005263224244117737
4
0.008922100067138672
8
0.008654609322547913

1
0.0059022121131420135
2
0.005241945385932922
4
0.010796263813972473
8
0.01723438873887062

1
0.006099242717027664
2
0.00537639856338501
4
0.0073274411261081696
8
0.009814072400331497

16
1
0.0074753426015377045
2
0.0062666647136211395
4
0.009405478835105896
8
0.012208398431539536

1
0.007346987724304199
2
0.00637054443359375
4
0.009707074612379074
8
0.010809727013111115

1
0.007378634065389633
2
0.006408151239156723
4
0.010893657803535461
8
0.011429406702518463

1
0.007254257798194885
2
0.006413675844669342
4
0.01124018058180809
8
0.010772038251161575

1
0.007344193756580353
2
0.006611138582229614
4
0.006556015461683273
8
0.009853545576334

1
0.006949249655008316
2
0.006394281983375549
4
0.0108029805123806
8
0.009994763880968094

1
0.006814204156398773
2
0.006486274302005768
4
0.006645597517490387
8
0.0074820443987846375

1
0.0073915161192417145
2
0.006541211158037186
4
0.007967963814735413
8
0.008858315646648407

1
0.00702333077788353
2
0.006412249058485031
4
0.009449347853660583
8
0.012213539332151413

1
0.007209960371255875
2
0.006335161626338959
4
0.00899403914809227
8
0.01034415140748024

32
1
0.011950664222240448
2
0.010942839086055756
4
0.01278076320886612
8
0.01811903715133667

1
0.012096233665943146
2
0.010854799300432205
4
0.015208709985017776
8
0.012460235506296158

1
0.012460239231586456
2
0.010889314115047455
4
0.013047371059656143
8
0.017053719609975815

1
0.01239323616027832
2
0.011287525296211243
4
0.012140944600105286
8
0.010127604007720947

1
0.011789754033088684
2
0.010713450610637665
4
0.010378718376159668
8
0.012441881000995636

1
0.012480221688747406
2
0.010476972907781601
4
0.010903898626565933
8
0.014166723936796188

1
0.012400832027196884
2
0.010616086423397064
4
0.01157115027308464
8
0.01137678325176239

1
0.011939693242311478
2
0.010525330901145935
4
0.014643516391515732
8
0.013417419046163559

1
0.012118823826313019
2
0.010690692812204361
4
0.012318272143602371
8
0.012326184660196304

1
0.012197233736515045
2
0.01067456603050232
4
0.015495888888835907
8
0.014730963855981827

64
1
0.03037463128566742
2
0.027083437889814377
4
0.025900796055793762
8
0.026253290474414825

1
0.030386824160814285
2
0.02642025053501129
4
0.026325251907110214
8
0.027187250554561615

1
0.03142059966921806
2
0.02741296961903572
4
0.02562323957681656
8
0.024212181568145752

1
0.030352864414453506
2
0.026365015655755997
4
0.02577248588204384
8
0.02478962019085884

1
0.030781090259552002
2
0.026373375207185745
4
0.025204729288816452
8
0.02748192846775055

1
0.03031129762530327
2
0.026642732322216034
4
0.0286264605820179
8
0.023173324763774872

1
0.030520208179950714
2
0.026639461517333984
4
0.026278186589479446
8
0.022348608821630478

1
0.03033987432718277
2
0.026210792362689972
4
0.02761443704366684
8
0.029174987226724625

1
0.030361972749233246
2
0.026332613080739975
4
0.024027176201343536
8
0.034168366342782974

1
0.031283680349588394
2
0.026915550231933594
4
0.02989986538887024
8
0.025658104568719864

128
1
0.10571081191301346
2
0.0892731361091137
4
0.08418590575456619
8
0.07278962805867195

1
0.10021954029798508
2
0.08893492072820663
4
0.07455234602093697
8
0.07061358541250229

1
0.10229476541280746
2
0.0856434665620327
4
0.07638416439294815
8
0.0666188932955265

1
0.10203565284609795
2
0.08600308001041412
4
0.07544060423970222
8
0.07311667501926422

1
0.10263361036777496
2
0.08796138688921928
4
0.08011065423488617
8
0.06561389937996864

1
0.10231170430779457
2
0.08941539376974106
4
0.07436318695545197
8
0.07207125052809715

1
0.10079387202858925
2
0.08495943248271942
4
0.0732625275850296
8
0.07260943949222565

1
0.09876639395952225
2
0.08625189960002899
4
0.07370442524552345
8
0.06915531307458878

1
0.10524504259228706
2
0.08557187020778656
4
0.07630886510014534
8
0.07245654985308647

1
0.1031225137412548
2
0.0887610912322998
4
0.07219241186976433
8
0.07217524573206902

256
1
0.38838261738419533
2
0.333317793905735
4
0.2612403556704521
8
0.25135237351059914

1
0.3720944747328758
2
0.32469742372632027
4
0.280903622508049
8
0.24720686301589012

1
0.3775452598929405
2
0.31478453055024147
4
0.27226153388619423
8
0.2565739341080189

1
0.3808346055448055
2
0.3261231668293476
4
0.26521608978509903
8
0.24703075736761093

1
0.37791451439261436
2
0.31448421254754066
4
0.27876780554652214
8
0.24528426676988602

1
0.37566740438342094
2
0.3176371715962887
4
0.2792432866990566
8
0.25006892904639244

1
0.3686479777097702
2
0.32152196764945984
4
0.26600974053144455
8
0.2420031689107418

1
0.37710090726614
2
0.31456221267580986
4
0.26767515763640404
8
0.2440645918250084

1
0.3764728643000126
2
0.3154190070927143
4
0.2623177655041218
8
0.24268192797899246

1
0.37247636169195175
2
0.31411975622177124
4
0.27578066661953926
8
0.23985454067587852

512
1
1.5121491774916649
2
1.25989281386137
4
1.1009188145399094
8
0.9216511473059654

1
1.486541487276554
2
1.3221870958805084
4
1.0333730205893517
8
0.9490423798561096

1
1.4779097810387611
2
1.3121513687074184
4
1.0382173471152782
8
1.0192384831607342

1
1.5609103664755821
2
1.237985398620367
4
1.0254948437213898
8
0.9317463636398315

1
1.500792384147644
2
1.2733694463968277
4
1.0423942022025585
8
0.9536096006631851

1
1.4812066331505775
2
1.2981552854180336
4
1.0532614178955555
8
0.9475153870880604

1
1.493831604719162
2
1.263844396919012
4
1.0374914146959782
8
0.9289695397019386

1
1.5211888290941715
2
1.2868090979754925
4
1.0302737802267075
8
0.9975961446762085

1
1.5041441544890404
2
1.2738802917301655
4
1.0697721727192402
8
0.9175984710454941

1
1.5558961816132069
2
1.293919887393713
4
1.0475386381149292
8
0.9541584104299545

1024
1
5.922732405364513
2
5.115906238555908
4
4.08705248311162
8
3.7856556363403797

1
6.326608248054981
2
5.086212825030088
4
4.054642662405968
8
3.80305814743042

1
6.018578678369522
2
5.09779853746295
4
4.110797297209501
8
3.8031152933835983

1
5.986411772668362
2
5.169591691344976
4
4.381551548838615
8
3.781358487904072

1
6.192669916898012
2
5.186273824423552
4
4.148111309856176
8
3.647680092602968

1
6.179818548262119
2
5.119158077985048
4
4.136102698743343
8
3.984041430056095

1
6.017432488501072
2
5.420573879033327
4
4.1773571372032166
8
3.7304281257092953

1
5.962630987167358
2
4.993671480566263
4
4.067363854497671
8
3.6906439177691936

1
6.086136844009161
2
5.100942432880402
4
4.172281347215176
8
3.7130569256842136

1
6.094660177826881
2
5.08012917637825
4
4.113901548087597
8
3.8734245784580708

2048
1
25.192129280418158
2
21.008290246129036
4
17.119202192872763
8
15.244110729545355

1
25.0820185020566
2
21.661845419555902
4
17.302015770226717
8
15.095090970396996

1
24.98633560910821
2
21.210743878036737
4
17.060926649719477
8
15.785341452807188

1
25.42248334735632
2
20.9360965564847
4
17.08088418096304
8
14.924758825451136

1
26.22377436235547
2
20.88358962163329
4
16.688992775976658
8
15.495486781001091

1
25.0371054969728
2
20.8687440790236
4
17.83043870702386
8
15.510278820991516

1
25.68130848556757
2
20.984789866954088
4
16.979804825037718
8
15.120079338550568

1
24.905711758881807
2
21.09641706198454
4
17.230014611035585
8
15.267957251518965

1
25.274129897356033
2
20.458383161574602
4
17.88708345219493
8
15.926035471260548

1
25.636858750134706
2
21.647001069039106
4
17.141508135944605
8
15.549530699849129
