8
1
0.006201084703207016
0.006370220333337784
0.00612461194396019
0.006267756223678589
0.0061878301203250885
0.0062171220779418945
0.006156511604785919
0.006177477538585663
0.0062295012176036835
0.0062643177807331085

8
2
0.005553990602493286
0.005536075681447983
0.005433570593595505
0.005901265889406204
0.006037674844264984
0.005329430103302002
0.0054902583360672
0.005453482270240784
0.005998380482196808
0.005456522107124329

8
4
0.008855421096086502
0.010608155280351639
0.006828919053077698
0.008804365992546082
0.006143983453512192
0.007857140153646469
0.009013127535581589
0.006141230463981628
0.021717850118875504
0.00620231032371521

8
8
0.006271474063396454
0.008857771754264832
0.0062471069395542145
0.006287656724452972
0.0059682875871658325
0.006539005786180496
0.0062904320657253265
0.008298330008983612
0.007229022681713104
0.007867544889450073

16
1
0.007289141416549683
0.007235545665025711
0.007272649556398392
0.007296275347471237
0.007258515805006027
0.007304258644580841
0.007371783256530762
0.007389318197965622
0.007389649748802185
0.007292814552783966

16
2
0.006514020264148712
0.007181301712989807
0.00661853700876236
0.006510723382234573
0.006526995450258255
0.006470769643783569
0.006580241024494171
0.016272660344839096
0.00645645335316658
0.0066379159688949585

16
4
0.006981644779443741
0.00769420713186264
0.00950608029961586
0.010402053594589233
0.006982471793889999
0.008046481758356094
0.008265320211648941
0.0067702606320381165
0.006895884871482849
0.007812634110450745

16
8
0.006942518055438995
0.0068996138870716095
0.006815429776906967
0.006776630878448486
0.006894011050462723
0.007353819906711578
0.013976089656352997
0.009646013379096985
0.007405385375022888
0.010067112743854523

32
1
0.012258186936378479
0.012419801205396652
0.012581314891576767
0.02126297354698181
0.011715784668922424
0.012344211339950562
0.012134052813053131
0.011962439864873886
0.012227106839418411
0.012093093246221542

32
2
0.011104419827461243
0.010654367506504059
0.011220678687095642
0.011033106595277786
0.010569125413894653
0.01096857339143753
0.010703463107347488
0.010929115116596222
0.010779209434986115
0.010669559240341187

32
4
0.012176305055618286
0.018768172711133957
0.012632414698600769
0.011013846844434738
0.010387681424617767
0.018747705966234207
0.021103590726852417
0.014074757695198059
0.012603402137756348
0.01242770254611969

32
8
0.011066336184740067
0.010186467319726944
0.012644857168197632
0.011088211089372635
0.009901043027639389
0.010546859353780746
0.01488567516207695
0.012714065611362457
0.014214795082807541
0.01568848267197609

64
1
0.03259168937802315
0.03180309012532234
0.03049522638320923
0.03383242338895798
0.03149295598268509
0.03143985942006111
0.031071659177541733
0.03097289428114891
0.029893208295106888
0.03063700720667839

64
2
0.025992833077907562
0.02674929052591324
0.025999639183282852
0.027907520532608032
0.027167614549398422
0.027082905173301697
0.026370819658041
0.026418812572956085
0.027484580874443054
0.026248719543218613

64
4
0.024250973016023636
0.02715209871530533
0.0275995135307312
0.03530999645590782
0.03252722695469856
0.0333944708108902
0.025769561529159546
0.02422207221388817
0.023064933717250824
0.0314604677259922

64
8
0.021726448088884354
0.021520540118217468
0.0276215597987175
0.021281469613313675
0.02380075678229332
0.02195778861641884
0.02207247167825699
0.02787012979388237
0.02174384519457817
0.028342869132757187

128
1
0.10167333483695984
0.09920259937644005
0.10031937807798386
0.1042671874165535
0.10158729553222656
0.09991032630205154
0.1051686480641365
0.10292588919401169
0.10396569222211838
0.10164210945367813

128
2
0.0923609808087349
0.08494355157017708
0.08669374883174896
0.09059198573231697
0.08609501272439957
0.0858607180416584
0.08866817876696587
0.08768228068947792
0.08619892224669456
0.08558515831828117

128
4
0.08018631115555763
0.07184766232967377
0.07887811586260796
0.07694297656416893
0.07119647413492203
0.08412294462323189
0.07577219605445862
0.12164194136857986
0.07541421055793762
0.08211414515972137

128
8
0.08110736310482025
0.065848458558321
0.09170002490282059
0.0749448724091053
0.06689659133553505
0.06507579237222672
0.07773424685001373
0.07391058281064034
0.06595779955387115
0.06692516803741455

256
1
0.3766542300581932
0.38802655041217804
0.36720096319913864
0.38216888159513474
0.36675551533699036
0.3747967332601547
0.36510777100920677
0.36764689162373543
0.3700399808585644
0.37584956362843513

256
2
0.3250276893377304
0.31921156868338585
0.3082696795463562
0.31258317083120346
0.325858399271965
0.321646124124527
0.32061756402254105
0.31130118668079376
0.3108380548655987
0.3213301859796047

256
4
0.2651931829750538
0.2668002210557461
0.2681152671575546
0.25852208212018013
0.26125411689281464
0.2612314708530903
0.26376110687851906
0.26307276636362076
0.2554924935102463
0.2648477293550968

256
8
0.24174648523330688
0.23615415766835213
0.25283895805478096
0.23596607893705368
0.251713827252388
0.23177512735128403
0.22882849350571632
0.23294945061206818
0.2349008545279503
0.2592935487627983

512
1
1.5010465793311596
1.4671969041228294
1.4829813726246357
1.4572079554200172
1.4839795865118504
1.526429358869791
1.484235741198063
1.474922314286232
1.446378730237484
1.4786058254539967

512
2
1.2278177365660667
1.2870755232870579
1.2695585638284683
1.2481625527143478
1.2517843134701252
1.2908787429332733
1.219667885452509
1.2463917881250381
1.2451175898313522
1.242956731468439

512
4
1.0824958831071854
1.0099319368600845
1.011739481240511
1.0684982128441334
1.0041741468012333
1.087097767740488
1.0941920764744282
1.0141826756298542
1.007487926632166
1.0202548801898956

512
8
0.8956696167588234
0.9109025672078133
0.9109652824699879
0.9720613174140453
0.9035851545631886
0.9060611762106419
0.8970019407570362
0.9309655725955963
0.9208232462406158
0.9236517734825611

1024
1
6.0397993959486485
5.988360911607742
6.0933026522397995
6.203658502548933
6.050278924405575
5.921825010329485
6.06861512735486
6.215972527861595
5.960426267236471
6.243790566921234

1024
2
5.138194087892771
5.158882226794958
5.079613659530878
5.109797369688749
5.0972012989223
5.109912239015102
5.285508166998625
5.160432647913694
5.2400388196110725
4.91311788931489

1024
4
4.200511340051889
3.98694434016943
4.09868036583066
4.073728196322918
3.943548306822777
4.09610503539443
3.9634513407945633
4.016083776950836
4.068833768367767
4.153812445700169

1024
8
3.6804356016218662
3.6050625294446945
3.574563466012478
3.609036922454834
3.5555592961609364
3.570047188550234
3.7408782951533794
3.5460227131843567
3.590901993215084
3.6737682446837425

2048
1
24.46203774958849
25.534488704055548
24.58394506573677
25.706068113446236
25.751024577766657
25.037612717598677
26.396690916270018
25.379922818392515
27.083546552807093
24.806649424135685

2048
2
21.011760868132114
20.975464016199112
20.327479906380177
21.40377213805914
20.447350662201643
20.728540420532227
20.789244931191206
20.8256648927927
20.550318382680416
20.782579485327005

2048
4
16.892750822007656
16.98198613896966
16.59314499422908
17.25221049413085
16.627836659550667
16.50592241063714
16.689616456627846
17.244422674179077
16.77310362830758
16.884148240089417

2048
8
14.642498843371868
14.725266817957163
15.161319099366665
14.483621709048748
14.753482468426228
14.667049299925566
14.747749373316765
14.494241960346699
14.518589116632938
14.971313290297985

4096
1
102.63301859796047
102.4565390907228
102.18086783960462
104.38874647766352
104.78496021777391
104.57175910845399
104.62334291636944
107.12487593665719
