8
1
0.0062920525670051575
0.0004777982831001282
0.0004923120141029358
0.0005229823291301727
0.000486522912979126
0.00047880783677101135
0.0004777833819389343
0.00048537179827690125
0.0004914738237857819
0.0004971809685230255

8
2
0.0007159784436225891
0.000769350677728653
0.0007728748023509979
0.0007192268967628479
0.0007227994501590729
0.000716283917427063
0.0007142536342144012
0.0007256977260112762
0.0007392354309558868
0.0007277168333530426

8
4
0.0034040287137031555
0.002516862004995346
0.0008476153016090393
0.0008496269583702087
0.0008401721715927124
0.001691177487373352
0.0008354410529136658
0.0024407878518104553
0.0008384659886360168
0.0008735284209251404

8
8
0.0020871497690677643
0.002478204667568207
0.0022721290588378906
0.002619575709104538
0.00393391028046608
0.00110713392496109
0.0011233910918235779
0.003950253129005432
0.0011002570390701294
0.0018568076193332672

16
1
0.000603068619966507
0.0004914365708827972
0.0004817694425582886
0.00048595666885375977
0.0004972033202648163
0.0004961192607879639
0.0004921518266201019
0.00047905370593070984
0.0004791542887687683
0.00048441439867019653

16
2
0.0007263720035552979
0.0007504783570766449
0.0007519721984863281
0.0007328540086746216
0.0007277093827724457
0.0007280334830284119
0.0007380656898021698
0.0007354319095611572
0.0007429532706737518
0.0007263161242008209

16
4
0.006852146238088608
0.002408396452665329
0.002761073410511017
0.0010084770619869232
0.003443680703639984
0.0008601583540439606
0.003015473484992981
0.0016826502978801727
0.0011999309062957764
0.0012225285172462463

16
8
0.002748154103755951
0.0028468146920204163
0.0011671222746372223
0.0019770339131355286
0.0013075880706310272
0.0011912919580936432
0.0035377107560634613
0.0011823847889900208
0.0017435066401958466
0.0011719614267349243

32
1
0.0005662739276885986
0.0005589798092842102
0.0005747750401496887
0.0005610398948192596
0.0005631111562252045
0.0005626492202281952
0.0006089881062507629
0.0005639605224132538
0.0005644001066684723
0.0006011202931404114

32
2
0.0008880943059921265
0.0008468255400657654
0.0008439831435680389
0.0008725114166736603
0.0008903183043003082
0.0008563883602619171
0.000845741480588913
0.0008452571928501129
0.0008648857474327087
0.0008582137525081635

32
4
0.0010967478156089783
0.001085028052330017
0.0010889992117881775
0.0021638311445713043
0.0035494454205036163
0.0010687485337257385
0.0010771974921226501
0.001079268753528595
0.0017309077084064484
0.001348789781332016

32
8
0.0015400350093841553
0.0015210136771202087
0.004460420459508896
0.0015573613345623016
0.0015381239354610443
0.0032744482159614563
0.007921960204839706
0.002656240016222
0.002116978168487549
0.001625698059797287

64
1
0.015493802726268768
0.0008184537291526794
0.0008251368999481201
0.0008158795535564423
0.0008149519562721252
0.0008383505046367645
0.0008191466331481934
0.0008075013756752014
0.000811941921710968
0.0008171908557415009

64
2
0.0012030191719532013
0.0011916086077690125
0.001185297966003418
0.0011913105845451355
0.001196388155221939
0.0012101531028747559
0.001214291900396347
0.0012158006429672241
0.0012128353118896484
0.0011986233294010162

64
4
0.0035540498793125153
0.001551106572151184
0.0015346668660640717
0.0025834552943706512
0.0015580430626869202
0.0015538744628429413
0.0015563517808914185
0.0015546530485153198
0.001554645597934723
0.0015503838658332825

64
8
0.0020360536873340607
0.0020297840237617493
0.0021078959107398987
0.0033419132232666016
0.002039644867181778
0.0020521096885204315
0.004038199782371521
0.002053041011095047
0.0020844191312789917
0.0020258016884326935

128
1
0.002198208123445511
0.002234049141407013
0.002236325293779373
0.002229887992143631
0.002203378826379776
0.0022124983370304108
0.002233792096376419
0.0021803006529808044
0.002196904271841049
0.0022033117711544037

128
2
0.002779461443424225
0.002764035016298294
0.0028006769716739655
0.0027625560760498047
0.002749081701040268
0.0027346648275852203
0.002733178436756134
0.0027908235788345337
0.0027773231267929077
0.0027471743524074554

128
4
0.003547634929418564
0.0035248957574367523
0.0034776069223880768
0.003604236990213394
0.0035415813326835632
0.0035471804440021515
0.003517989069223404
0.003585647791624069
0.0035166777670383453
0.0035351067781448364

128
8
0.00469551607966423
0.004738952964544296
0.004744954407215118
0.004875402897596359
0.004714015871286392
0.0047558993101119995
0.00472964346408844
0.004709858447313309
0.004792660474777222
0.008922338485717773

256
1
0.008392002433538437
0.008372113108634949
0.008383508771657944
0.008367490023374557
0.008359871804714203
0.008312016725540161
0.008372440934181213
0.008449319750070572
0.008415374904870987
0.008485451340675354

256
2
0.010830212384462357
0.010696671903133392
0.010791212320327759
0.010887924581766129
0.010804753750562668
0.010889735072851181
0.010926757007837296
0.010794904083013535
0.010848287492990494
0.010945480316877365

256
4
0.012042447924613953
0.01257556676864624
0.012350369244813919
0.012345556169748306
0.012056510895490646
0.012396670877933502
0.012361187487840652
0.012343838810920715
0.012368321418762207
0.011989876627922058

256
8
0.01547129824757576
0.01572321355342865
0.016229651868343353
0.01567043364048004
0.015549078583717346
0.01641305536031723
0.015618234872817993
0.01626771315932274
0.016067594289779663
0.01608802005648613

512
1
0.04872732609510422
0.04832678660750389
0.04963380843400955
0.04825412482023239
0.048133064061403275
0.04908383637666702
0.048525117337703705
0.04944849759340286
0.04948677867650986
0.04940340295433998

512
2
0.04911063238978386
0.04897812008857727
0.049830690026283264
0.04828847199678421
0.04947708919644356
0.049633756279945374
0.048692695796489716
0.04877716675400734
0.0499391108751297
0.04966144263744354

512
4
0.04804766923189163
0.04906826838850975
0.04861973598599434
0.04904209077358246
0.04937673732638359
0.048804447054862976
0.049839433282613754
0.049359031021595
0.04888836294412613
0.048261262476444244

512
8
0.060788240283727646
0.06099918112158775
0.0612071231007576
0.06094454973936081
0.06769862398505211
0.061277542263269424
0.06094279885292053
0.06116628646850586
0.06088404729962349
0.06101655587553978

1024
1
0.291303314268589
0.3003102280199528
0.2895866371691227
0.29060690850019455
0.2876541391015053
0.3055890463292599
0.29978087544441223
0.2983335144817829
0.2873448021709919
0.2987442575395107

1024
2
0.2300194352865219
0.23370438814163208
0.23119284212589264
0.2322203367948532
0.23436998948454857
0.2317185252904892
0.2323100045323372
0.23262817412614822
0.23124420642852783
0.23519882559776306

1024
4
0.2047489732503891
0.20249460637569427
0.2017332687973976
0.20743538811802864
0.2035168893635273
0.2061104252934456
0.2035246416926384
0.20966097712516785
0.20313001796603203
0.20340418815612793

1024
8
0.24471415579319
0.24426551535725594
0.23519163951277733
0.2357858493924141
0.23889471217989922
0.23921846225857735
0.24060645326972008
0.23526045307517052
0.24126386642456055
0.2352273166179657

2048
1
2.046467073261738
2.0117652751505375
2.075179308652878
2.059704527258873
2.0147141702473164
2.019739307463169
2.024024847894907
2.0081857331097126
2.039337147027254
2.0768599957227707

2048
2
1.3886018991470337
1.3879473023116589
1.404891349375248
1.3948967419564724
1.3928017690777779
1.3818102404475212
1.385410312563181
1.3815060034394264
1.3847700618207455
1.3809755891561508

2048
4
0.9988163858652115
0.998873483389616
1.0016555860638618
1.0131381414830685
1.002738069742918
0.9910572431981564
0.996814489364624
0.9933946207165718
1.0005075223743916
1.0034687221050262

2048
8
1.1289731785655022
1.14667546749115
1.1490071266889572
1.1500331088900566
1.1526264622807503
1.1441966742277145
1.1441225856542587
1.1337588801980019
1.1403488665819168
1.1466332487761974
